9426230
28399037
2739739
11110791
28251761
28271600
9230439
8370681
28604678
27514644
27245100
11380496
5600090
27920399
28349897
28263519
28576769
28342010
8312343
27837821
17218340
27457924
15280356
27484439
27568025
28273224
28050680
8782829
2404853
14657095
30478082
28498873
8106150
9748262
28434980
19893084
9523850
28388350
28087919
7710775
11079278
28033725
7369302
8113388
27779444
7573040
10639512
28318799
28406758
27764968
28049521
7528931
27903991
7565311
27466374
16006300
8554067
28269453
17639754
3659917
27928742
27534567
27686487
3084782
27402480
28298224
27388630
27838742
28157737
5247666
18726058
1315306
27259186
28442401
8607407
28363782
28506931
28208888
28511906
6615052
6101415
27252074
26684240
28330740
27446232
27712131
1616457
14596845
7925449
26782292
27660811
27294945
27766879
27826671
28087131
27436024
27554917
11337487
27647474
10594001
27596934
28013256
27791364
28270328
10704919
27776422
27433451
8755918
27573702
9092576
8282802
18217897
27659457
27612827
27904662
4631913
27616047
28072457
18186898
7874117
28550436
27518527
27617793
625456
16083708
8954016
28270211
3878220
2782734
150790
27474969
28508943
28355402
24284476
21418164
7833921
27869761
28163489
27780827
27859268
28532624
27702924
27793676
27347943
23069675
3828020
28210640
27271775
2037285
28438945
4200806
28103582
9234719
27530243
27834716
9480897
17042797
28189628
27943194
27881039
28508214
28232924
27517885
28228242
18996674
1848636
2258698
12724311
28652571
14587878
27768206
28004130
27266283
2484903
8317477
27394375
27287247
27863934
28288134
4082192
27892235
28146402
28005193
16662389
27371349
28167893
28470482
27410251
8700509
28138631
9420335
27516747
22593711
22928313
28390176
7282516
24100055
27787956
16330293
27780748
28276968
28179929
24684312
26900322
27435204
27909710
28427543
28332776
20454457
28229061
1730767
27435336
27454637
11210186
28224733
28301284
27293894
28363570
10534406
24169995
27570111
27760981
2571579
27391263
9671401
6118280
4010471
28263460
28287597
28135569
28400045
27533383
28402002
28123739
27365044
27102965
8326491
24886643
28336141
21843614
25307481
663266
10411929
27357243
28184394
27503472
27275298
3969369
27524991
8957205
27876084
28394217
8661102
27928393
27489603
27364111
3685052
28260056
28366539
28380486
9159129
28182705
2904523
27738460
24014394
9092543
28003511
10557309
27465464
28026030
28450196
10078749
11039935
27288531
28197133
1009330
27050163
3347839
8167223
27482676
28341065
28252882
28013377
2054792
20304337
27473380
28416410
27820159
27647760
28153157
28009695
15987266
28463669
12369736
8062391
27243664
28447201
3409843
28089332
28062126
27384421
27919226
19269743
5618545
27754781
27598351
22119904
28088402
27765603
28158248
28081741
27553395
14603251
28516341
27563006
9600235
23056516
28152285
28234635
27513357
21294084
19427376
28433058
8956035
9171375
2339463
17612891
24387290
5632347
28118389
27379201
27320961
10364525
28533050
14626429
25182959
10484981
28214571
28301539
27346336
10662807
15580403
28107521
27714651
27994143
27616751
11027904
28105538
10854325
12912689
28348878
27975209
28139665
27084744
27979320
1684088
27635325
28077046
27923842
27507385
27804311
27466053
27510556
27802781
20080983
28269731
3202857
7550230
7513050
27598388
28526565
28134776
28413179
27512369
27275025
27860505
27575716
28087508
6732043
27794108
22876196
27625333
4002097
7949506
12950111
11897407
7726234
28058039
28176637
10578051
28113047
27644077
8002973
28357982
27677546
27488290
28269955
24555302
28209069
11133773
28474967
19674115
28389368
9326871
28079476
28427655
8828602
27794611
5605771
17484470
27568672
27798219
19741124
22476486
5590097
2886237
24126708
10766245
28477705
5343855
27714135
28132765
27790487
28481876
28472082
21462837
8248217
28469481
27649090
27765612
27621953
7352670
20550820
28424584
27589720
28500879
9245987
18821488
28397533
28399372
21159167
16112787
28186384
27941943
1317062
27582280
28138777
12109865
26969755
27393884
27904925
3039539
28182581
28479312
27491687
27252904
28385938
6127992
8187068
8511251
20813038
8605116
15046838
27590021
733189
19820426
10924333
28169126
27681017
24731097
10235266
27378064
27869181
28002643
28393188
27756035
23085491
25203209
28471040
27669010
27576906
20688230
8663203
28131759
27434049
27930654
27743686
28268645
24643644
2718706
18801087
27939207
2070391
28474673
9218625
10588946
27378692
28370728
18261172
27879507
27785790
27998307
28183596
26406200
15859361
1545575
11573852
28070803
27795701
27893178
6627074
27769714
4077438
27501756
28008409
10543403
28054422
28328236
28290961
28181679
2396046
28003943
27445319
9165568
6727060
19023445
2722224
12101391
28355605
895432
7053303
1286498
28220061
27524875
28243909
27442261
11099450
28127340
8643605
2910902
27354201
27271951
27375428
28759611
8669433
22899449
17263743
27570938
28405379
27788142
27390714
28240655
8364574
511159
27635790
28459124
17965424
9439660
27927071
18340638
27463515
27993971
27235985
2835825
4262506
27543896
11915580
28050885
27456016
27984052
27655516
28339013
28385075
27409663
27913358
1307230
15383230
6150641
8575748
10208848
28419010
27100831
28298837
15036468
2884595
28044446
28039284
1130930
28403387
28070808
27623751
9624006
21599889
8101038
30377154
27371352
27958356
28057313
27512352
27729085
28333794
28364434
9067481
28055142
28473640
15515654
10866301
27242101
12921865
27385165
7825578
12878160
27383174
28124696
28346872
28183822
27832736
28066591
12734532
27572277
28534284
27677165
28065558
28450395
12443032
2310692
27887026
27336239
28438975
27659183
24451297
1899352
16181582
27931138
6216862
7806230
10330430
27336882
27622027
9862868
27717527
28299642
27010511
384871
27964699
28484550
28462752
27306834
27725796
15130900
8036022
12862317
28099754
28500789
27908503
27352367
28389961
20030150
11555636
27741202
2951327
28068437
27601111
2569282
9702690
28045933
27965563
27236596
28214821
28468714
7607677
27858503
8522307
27234004
18187511
7696601
27552906
28481877
8643547
9869257
27489089
28054831
27984742
19657887
18949367
27305683
1717985
27505310
1056013
9620774
230316
28280631
28139296
18768591
3678494
20465411
28387835
10878382
1601297
27443131
21688347
28043566
28458091
28018693
23236820
27965426
5438147
11230181
27795266
15366550
28084061
8674108
1307245
27785853
27868059
23790332
27275849
27896576
27329728
28472949
2021990
15009102
28199934
27856909
11423811
27283081
27603112
4783875
27401409
27886280
28182129
28096951
27399732
28264678
7199841
8537117
28422945
27317610
18808529
9869655
28193167
28212039
28392546
28436186
14736955
28129335
27338295
27732647
27486953
20507572
27371369
28117211
1731328
1301189
28317028
27522512
1835291
28278150
27812531
689020
9932288
27266840
9019400
9472666
7939630
27959382
27993519
27667560
16225977
28193091
347884
28291473
8209890
23110133
27308854
27440478
28438037
1319838
9646784
28421810
27247892
11739631
27433916
27695327
28293475
28441911
27932585
1928887
27634880
3925479
28217770
28275119
27411238
10940590
28067647
27498180
27866504
3300918
16920333
1302032
8528198
1322637
27467251
23846525
11385188
3615198
8440142
27449818
28273985
7913309
27740919
10767326
28369421
28430985
24464946
27798239
15096374
27460729
28482961
28421026
28413643
16574712
10328196
27776603
7959767
30442153
28119436
27816898
27694728
28532107
9358014
9863607
12627929
27588935
27698544
8790412
27610217
27824969
8071955
28447822
8996419
14582964
28011408
27463423
27723905
18422462
28000019
28461000
3034271
28393246
27958243
28131601
28350221
1833784
28189069
17297207
27489735
11095982
27928244
1141447
27385839
28431885
7663511
27374326
18450790
27601594
2670794
27237979
2818777
7490079
27925527
20507639
1628625
27669157
9061777
188339
27473374
27807796
27746068
28140366
27605910
3155884
28333018
28329145
19944736
3311455
28416439
27759568
27650531
28223128
28101466
24321498
27699590
24401532
761833
9829980
8643973
28182011
28347282
27259362
28495458
2950248
3289726
16298782
9651585
27987038
28159617
28466053
8305357
27754446
9209318
27898506
5096026
28400402
28081044
1858969
28213302
8224247
25711908
27241087
7624799
1975560
28062192
10457883
27444328
8563171
28107706
256433
16116131
28470421
6496797
28202687
27059693
28217198
28110451
28064539
4074849
27606547
28063101
28295838
2626572
22022612
27736157
24897009
3074291
2674141
27636763
27693948
25479410
1760851
27999109
10409438
28445938
26017929
28468175
27752009
6305660
27855102
19686742
27348135
27831992
9538487
17074608
27384243
28295125
28239875
27502941
27469396
28066530
16586083
23376484
28027117
28433844
27436068
17019386
27648525
28402232
9284778
27784172
7121659
27285457
9506545
27652573
28706108
28126597
27806921
27405584
28432098
27343573
27992983
28239032
27593786
27395220
28165368
9323412
28498971
28443481
27556293
20222564
28328988
1987816
27239541
10727470
28344590
27349310
28144189
28096973
10901305
28301911
28087473
28395336
27650514
15673851
16574713
27812586
28256192
10748143
11587867
28039389
27271087
28104446
28406475
10933650
27724977
27857970
7535801
27916672
27412526
27959387
27347474
19139001
27371818
27871881
20011520
24419571
27653010
27635073
28424240
12745515
27381582
2445283
573555
12504082
9843038
1973404
27903877
14748761
27783350
28084316
27782940
27722201
27901092
11077455
3203386
27565870
27494907
28145492
12728244
4427926
27167772
27799834
495634
27362260
8023850
14990717
27775803
2355960
1676565
27516442
9336417
19414636
28149591
27643784
16938416
9763455
20003049
28075453
27417211
27824163
8666397
27882444
1905439
27457539
27660087
8301658
28222015
28041316
27412144
1522360
7479798
26944725
18248671
8751855
28380044
9346890
28234672
26476672
27729252
1919871
27668006
3437726
27266878
27245524
28100698
28533524
28243780
27651148
27748824
28281477
27445865
26811494
27312354
28859089
10721819
28282033
27886041
28179560
28476508
18405372
28437254
20705401
24725474
7586656
1992636
27688111
28482688
28056376
28356949
27994913
8375105
1361318
27984098
27804067
8911359
24709919
28117965
8606489
27813390
29222418
27565311
3057041
2562820
27539962
27879381
27994640
18004067
3832950
10519880
27864600
28323419
11708428
28338376
6529939
27457339
28427900
28230861
17490790
7970704
9479038
28362386
8533768
28541679
27647451
27482869
27621200
9514561
16386426
27842329
10197527
24082897
28349709
28351265
27885308
27829026
26065826
28241394
27438380
28042952
27669322
27913601
28320521
27090298
27781034
28390302
567256
7479827
28332360
3750012
44072
4449936
27689491
27830991
27538473
27914199
6308526
8589721
9129147
9662397
10747952
28162764
27220763
28687666
27878205
3600793
6695685
1347968
28268982
12139551
28042065
27798289
24088636
27346839
9721215
28085760
28197156
25840913
10875918
28584052
10434119
26731607
28334854
1307253
28056892
27506608
21172391
27925484
18086064
7964884
27331809
27391139
27613509
27646543
3762968
27683502
27375774
28082609
2895982
12860405
3480530
28388882
2450401
28360224
27568284
27288403
10888872
7543898
28363904
19069532
11401944
28051306
10692449
28221018
19370593
25464900
27312263
28085490
10818206
7795591
27821359
10618304
27651178
27930756
28326936
28650467
28389633
107868
5713373
24442316
27449676
3961813
27272523
27848238
8677458
26931495
28089781
28493435
28398555
24047240
28068936
28088903
20169779
27371870
11105626
27254792
24901722
27282236
27549420
27507240
8530105
15737522
18673534
10539815
28292966
6387532
28357505
28418900
27887778
10908648
28097040
12677626
27413146
27859264
28151970
28236014
27400734
27318197
6293644
6699841
27464336
28288758
3533179
7189975
28088318
28423778
9543345
7574457
27884163
9230442
27486825
3015567
7437512
28422693
28451494
27741201
27755647
28271342
15482540
20635749
8243272
27863736
27506129
27544926
1255900
28538498
27570140
12446784
28232384
10398436
27742195
27788427
9578276
25305591
27236097
26783151
10364520
28127863
27375283
27234031
9195227
8968716
28215169
7411769
10577908
8424298
10777718
28223077
2016095
28197965
18783612
24142065
28408723
27417537
28543991
27817780
15276120
27572131
28503431
20187978
8825599
28537717
27892411
27294544
9662399
27297608
27692572
28284884
28286958
24341598
15867025
27291966
28299817
27435702
10369876
27399912
18760498
15859940
15383276
27449022
27469526
10072425
28148284
28077689
28509716
28005982
28031240
11350119
27978525
27874071
28120711
9259278
27715026
28445375
9050868
27637516
9786908
27873050
7490069
28263315
27768522
27504260
27828958
28002976
28447132
27871542
28413598
27342634
19300240
3851747
27938026
7876089
27545500
10790204
28353232
3563511
26449661
16661876
27665231
27249559
15632880
15804801
27923134
9098464
27436524
28127394
27886772
27294781
20551604
891050
28362864
133615
9618166
28078046
27278134
7315949
27759877
24029249
28318461
4446001
28276842
28550521
26797704
10562404
8281142
28408671
8643684
27994535
28351716
15811908
10472529
28464073
28701508
28451250
27348285
27537689
10554035
28548488
3812624
16192988
27234220
326460
27818989
8603459
27629156
27554678
17466854
27321568
28063305
3990093
7785794
24142921
28399833
28264346
144081
9463314
12706874
28251683
25639242
28240640
27757471
9590178
9215677
27258690
2611118
16720068
28437231
1735570
15096576
6728084
1628552
28389629
28341156
28072584
14648024
2924746
17923537
11895476
2802551
10196381
1303171
27301949
27441491
27388962
24186006
27841837
20682692
28280246
28436950
27270538
28331620
48835
28266884
28110975
9952311
27733623
1564030
9128918
28326790
7197363
28108399
9382108
15266215
27749392
24055495
2476560
9848575
12760988
27619032
28465502
9875685
27755975
12559315
7802851
28245088
16160878
27706911
28341623
28404634
218453
12090760
10500204
7088431
11900788
27689393
3079694
27593389
28092840
7874163
16565833
27517319
28509710
27580090
17145148
27698916
28456571
10022127
8111719
8789439
133535
8441467
2974281
19201842
28273463
27452974
27470706
28412023
28396298
25546260
25096313
25041770
27557464
8890164
28473742
28339928
3686155
28329872
27594346
7762560
30730884
27719897
12695819
28040320
23474308
28492106
16810074
27515404
28523174
27770391
28271030
10736265
28013205
8622978
27988278
7449470
10398279
11704023
28077112
2466960
19294098
27551242
9782094
27354236
2591962
10636421
27093899
27634799
9351491
27421843
28534189
9700175
27501910
28286864
2575483
9467011
27872234
19438813
24275640
15863244
27349321
28465793
27638646
9878755
8423996
28092835
27794068
9061311
27431623
28160133
28495504
28171696
27503608
12489781
18593936
24587916
28087217
28255270
28524704
28336597
1897530
27551992
27587730
523196
28387851
7752389
27593461
10724175
28111379
28213871
10706858
28367982
27813599
17958607
28463085
28233508
7191069
18441470
27467556
11337188
16600756
8649785
3354603
28320554
27478387
27277750
2894433
10880513
10930571
27524031
17159032
8571951
28053186
27660323
7532304
8384253
8682510
11058597
28508736
27524790
6534871
27748242
23786078
11705128
27521864
11997512
28096034
21951951
11022397
23359500
7545954
28341746
27907227
28272240
10732811
27665747
27512256
28360773
27652926
6103707
1301200
1302003
27938482
28330470
6540303
8663286
2000887
28421865
27867086
19058474
27781291
8589722
6631522
1324173
28337431
27922979
2276181
28111056
18951540
28144442
25277705
27993470
27821385
24618873
27737923
27783838
27849546
15278670
161677
28181538
11467664
28190392
28414491
3413271
27802454
10839544
28239424
8244393
17702969
3323259
28125165
27390849
27608180
28183806
5000677
27235789
6209318
28069300
28505339
15229250
27658949
27694930
19923525
28482033
1302008
28025021
1420650
9215638
17554526
27172917
28099853
8195156
27711225
28122925
27665258
28277316
27668722
28109317
7814011
20973483
11034316
227508
27339306
27620469
27791144
28513626
27877221
28175980
27876450
11025161
27610122
28160787
27544871
17986325
27701287
27769207
19642243
27604681
28065623
28494421
27254783
1968617
20059956
12464714
15064709
29045486
27892236
28348808
9293063
28404091
27266322
28331599
8938427
3732088
27678044
25412315
28118200
3187073
3339945
27510458
28117911
28166728
7700986
26963473
10094552
3125850
3720569
27708714
17288147
28261447
10438902
1636026
9549528
27406386
48362
27832073
27766173
19920070
19707748
27294436
15122315
28248975
28345022
27474570
28134011
2893236
28348846
27720181
28238581
1279971
7920658
27917118
8776595
27014915
8198124
18719403
10083734
28394935
6640832
27349365
17244258
27697474
19610423
10739826
9125676
9321531
27476625
28072649
28436493
28393741
28102165
11391224
23285048
28270089
28027760
10980615
27352476
27454401
27999240
28171748
27602107
28188533
2257294
27255411
2819587
28403152
18189308
27271770
27806641
19139825
27806594
9381176
10466420
19114665
27447000
19419794
27965933
14743861
10382910
27374484
28451446
1833184
27869664
27533082
27750105
14659530
28210010
19105845
27580517
27933664
28504165
28327105
16725121
28207880
5525363
8423889
27258956
28177546
27382380
28064483
2544995
27273075
1720453
28470106
2515254
27760552
28183348
21431351
28968468
3348216
27511629
27279981
27905930
3774712
28520661
1338764
23934545
28233591
28448233
12192048
23028939
27871298
28213015
23952588
28470753
7649249
28101523
9521325
27705854
28054909
27589009
10330348
28415552
7556196
28244595
28535279
27470609
27430264
27334470
27976878
783197
28549770
8410052
23961108
28504984
27882558
28445929
28478636
28455257
27405692
27617249
8004674
27804215
15096016
27801735
27861606
28447984
27392220
8494478
28539885
10960401
11208990
9770531
28046142
24582773
28536535
3115150
27578894
10994649
28072576
27984919
28505540
20394767
5187857
6032167
27792644
18020536
28393600
28343418
17028363
28395554
22144572
9406968
12842176
11750132
27134166
28068639
27919332
15042318
27184800
3827439
27333594
27669217
6783144
28069555
16787750
27643557
27665545
27487357
17111419
11799346
28153230
28093505
23339694
28256742
12911170
2559236
4082466
28148288
7269015
28283525
3952818
7604176
6402369
28070811
8670333
12093742
7055648
19299179
27322774
28687665
20874598
28101482
19020118
11897791
27590630
11357381
27337992
9450866
4812392
27657099
27975319
27864317
9027507
28259683
28537612
10074612
25986755
28448873
15974569
12948256
7509806
27450703
26033014
27521456
28237953
8098245
28002691
27744500
27310615
9161407
7988234
17343925
2674130
27333847
2652022
9548260
20331935
1380672
28344660
28098423
28322744
27906594
27415757
27239445
28355982
27598262
27257822
27524208
27481881
28222462
9848786
12721283
25998905
27898905
11121057
12504588
27882587
28237961
2096715
2348231
15572383
27888348
10441329
5715404
27573199
3711722
27695342
27936092
28229178
1505982
27881519
28099237
27240437
27900096
28464019
8898652
28166607
28389983
27608043
2786201
21668942
27870908
28339345
1698610
20731549
873132
27536475
6453040
26316050
27461500
28019706
28374958
7437994
1549199
28270369
11166519
27494909
27646508
28065421
27731485
27845854
8586822
28405177
27312152
19540325
28334792
11009181
27381890
27982304
28289109
19672298
28534510
27802570
7925474
920167
27660548
8675707
27322135
28000391
28342542
11802771
28169492
27706190
28254329
8555498
28375653
27609556
11807648
2983630
7582165
28464291
28222010
27279861
2115402
27547341
3382237
16876986
24632949
20959502
28034730
27183470
1301187
2885805
9729124
3455778
16661766
6692345
11243580
27374919
28107427
27852687
28457994
3746148
27799763
27528862
2024540
28523846
11056056
28429542
7707116
27312487
424937
15893386
27457997
28501764
28012388
27897214
28501028
7661171
28526360
3123611
27340878
27383575
27252721
27412759
27632842
28458290
27920607
8312983
27434112
12475894
10417286
27373429
11559747
27345009
18810999
3831029
17346443
3076126
9861003
26115410
28339057
27708808
30001398
10196379
27131339
27838489
9197951
1943082
10072769
27498569
10213492
27822189
27677842
27909072
27470228
6308277
11230490
10225068
27384489
17241784
8644702
28266784
28268438
27777558
28121531
11185967
4489897
28458935
12091028
28009049
28259936
27387057
27481810
28472521
28078451
2773936
27500198
1831007
9468509
2393028
28429354
27622108
27905972
27478234
28516841
27514572
27491646
7444053
28494337
27610145
5603630
1146783
28125006
28462513
24658375
9721204
24407348
27931296
28143831
28198835
28393261
10523326
27682293
27798105
28435038
28182076
28220186
28237856
28202469
2563633
22251728
6153967
25006369
16723784
28509989
28280318
9585606
7492040
28534452
8758207
6673474
27257613
26545401
27942475
27834754
27921577
19798991
28522288
28220959
27284493
932197
19892829
27801889
28306484
2004
27832581
28260042
28328127
6310832
27509301
27975020
8636252
8266996
2208279
28281741
3758678
27857693
27412612
27809644
25979836
28441489
27976741
28532912
27577517
27381206
2320485
27861731
10491302
27340777
19789368
28359781
9199746
27256373
27602763
27866068
27495798
11679859
28475787
4090988
28216278
1749407
27459610
27534108
11672959
27237609
27810802
17576437
5629395
1357962
11461089
2840807
16731636
20528871
25348624
27858089
27744105
28187389
2632720
7378868
27632714
9949209
28212833
27555975
8579597
9012404
24853300
2765447
12699527
28024987
28315240
28228370
28394042
27649824
11994479
26241122
27612561
11219574
27255399
28316031
27433933
122435
27471363
2528969
1769645
4072398
28298171
9637251
28411311
27991947
28232171
27466243
28191654
9174057
12752472
24362078
28061895
10753886
24816962
28144784
27884960
27489312
25849622
28368267
9135156
14513889
28242756
12617329
27837917
2558868
27260450
10194428
1468485
10534407
27776907
28497106
21075137
28211499
28340104
17496739
28275724
28254544
28424384
27516217
27920749
8104633
27576941
27611704
27799731
8689689
2931989
27445383
9228650
27256947
27383484
27233131
27671656
27437046
27644674
8128954
27358560
12101159
28528624
27574277
4693256
27469581
28122499
27803576
27352133
28007677
28070315
27492869
28073509
28263657
20034406
28109920
9121607
27244841
27863482
24975837
28152097
6203632
27699251
28359664
23482906
6016274
27683416
23975682
28368403
15094729
27260358
28202755
28523722
12907924
27658531
28356547
27812142
14755250
27755951
9759693
6111982
28033500
27871915
27475106
28123107
27565266
14765563
28350299
9400934
28086772
28054379
28237545
28286285
28111709
4273303
27454738
15184369
10215850
27319985
3708328
2792129
23892921
4008111
27677346
27764829
27216824
27306062
28475307
9158667
28851297
27610437
27894019
28101400
18987260
28067693
28267791
17608141
10189359
3600794
28545437
24743235
3317709
17929764
27791100
27445389
27655308
8111379
27698735
27315396
28060311
10455022
28171688
9585611
2390095
7506095
24802403
30202097
27843267
27663860
27577957
28134415
27310824
18997851
28435209
28304405
1999552
5496928
27351941
21906313
24739405
1384323
27359178
27802069
28141942
28274070
27865242
28103546
27881160
27942245
28003799
27420101
28380662
9618170
27688476
12963136
22946191
27588139
28526000
26831905
27489713
7761412
11854288
11226639
28379026
1678319
10743446
28438558
28462652
10091616
27441911
2173761
20595237
1837756
28195094
27423282
28260057
28127757
28411442
1937471
27562210
27394010
27797717
28475553
27679980
27386169
7651879
7481765
27633393
27490927
29049388
27806658
27680099
28391771
28386264
21928348
9700164
24653743
27828996
126380
17285209
3895875
22495828
27548784
27677517
11591762
27894149
24945396
2894613
11147747
11003675
28181464
28074211
10581027
1302022
7550349
27373893
27427386
12180796
28101782
28071754
28473015
28493821
28345195
27601238
10565806
27264279
1085609
27697561
28387468
10462057
27656567
28306155
28347651
28192171
28411266
28320690
28110694
28399452
28207180
7450778
11080599
28289091
946593
19058010
28039304
2239937
28183116
11698403
27722881
4778496
27311447
8996652
27508468
28373195
24571687
24459006
10441506
28628113
28289914
28403239
27866868
11961407
7790377
9284931
19815465
27560647
7453952
27392010
25882048
27426888
27530053
27340862
7457821
10874302
10767544
28289130
28544492
27459296
28004225
28497887
19346865
27643404
18023325
20606778
28198592
27794490
28521254
28028852
3591825
28530715
27866833
27899087
28125819
28497698
9090524
3856322
2265898
28534358
3260773
27846331
28321789
3425586
28144096
27559131
24812279
12452552
27388786
15649445
11042359
28208833
220563
5067666
28110058
19046382
27916455
409732
2419904
28097130
27416524
4773500
27553051
27328333
28195830
6634932
8045270
9831002
27651569
21075390
27445402
6115999
17437408
28039095
28153991
4261204
27681567
27903410
28408751
17042884
5578188
28483455
10593994
30915128
27296942
28384898
27812347
27768380
26270232
28196438
27618157
27847822
1415380
7630639
2253938
8638206
1409710
7059267
28112366
28483305
10743694
27304832
27466378
8566965
8625410
16274702
28421738
27322653
28388318
27822302
11838826
10471457
27552486
27991454
3670965
1981994
9744473
26971998
23949582
28126583
16471092
3220106
2917114
28159030
10791295
2083961
28406285
27787906
12801932
1282899
9812111
16047871
8188982
27426278
28459029
28239461
27373689
28458643
27392380
27559330
28544601
2355241
9480752
4038130
9145677
7202134
28115057
7599636
28148830
27250037
27838149
28514681
17691207
27844448
28093376
25751262
15930398
3693336
27491778
27799038
10932179
28033191
28471296
27257063
27683811
27761213
17261653
3162536
3303869
27553121
27618365
27562025
27424514
10090880
3335805
19940105
28497418
28098510
2265692
10830910
21664439
10910894
28108802
7647582
28846666
3192036
27553875
28007859
27889585
2217015
19154241
28415132
27887587
3344191
2304736
8663294
27488293
27606170
10835440
28267806
25605239
28428293
10722718
27908539
28334863
28080157
28389361
28476381
27550416
15243141
28486889
27923790
27447827
16760123
28105595
28459420
27834480
27807193
28245479
1158089
15638391
28074422
9245658
23219801
27832159
9539768
27643901
27881529
7479194
14982270
27394918
28277879
20633755
27597857
7905523
6229975
26620890
8990205
28052194
28375952
7147232
3403780
15130495
8831703
28153522
12596116
9522152
3029599
6518066
27792137
27653361
28383652
2422478
28169040
28526485
921394
3169738
28495897
10729163
27283994
28121552
28478464
28351807
9144525
28292240
9020847
8012887
28258925
27418869
27778368
28419641
8679694
29040309
28399751
28284468
27481342
28002035
27233260
25946186
28248564
11206082
28549352
9272404
15627798
28409856
27648744
18627611
27751698
1345170
9226773
28043783
15120387
27650462
9305828
26424709
20565652
27645763
27479867
10767347
27690192
28413529
18182964
18752389
27860244
10219427
12639165
11278579
27683158
28418171
15602202
23639442
2055425
27617056
28340463
28396744
27515243
2601691
27447713
27670653
27545685
27326810
9473517
7512734
23474756
5625153
9705283
4865917
29956586
28191544
27599001
2980163
9116026
8178825
27647762
24223959
839274
10429004
27796510
28511890
27887661
19681452
10677309
27324249
8686832
27669305
25080425
27938921
27648073
27489015
7759106
15145918
22369755
28777492
28168637
30372497
1325037
27350860
27239034
27581456
27496388
23391017
20495512
27318951
28075235
27573109
3417303
27342342
33969
28231536
28355968
28187742
25026038
28083459
28502812
27694049
9603435
27756568
27732552
24671324
28509318
20520283
16391674
27910092
28113116
27619227
10602116
4019732
27678020
27404944
27857815
7444978
8696339
27703342
10780674
25026175
28017917
20727411
9724771
27727312
27745564
27794223
27898317
3179139
8012387
28451474
28266760
27682141
12907309
8841157
10767313
8279472
1711760
28167866
28478321
17439425
20657443
28526692
27548715
10090890
28089587
15605432
28416580
28319455
27438230
9069115
17400887
28374022
27474557
8473723
28367767
3323599
9428298
9457914
28228765
9539796
28540768
27965132
8733131
16867246
28293289
27313637
28292565
27656399
10406016
9669632
28281265
28607106
28281271
10683478
27439969
2729274
27702870
2569949
28196360
6540752
27683791
27239953
27546025
27730636
27909557
12739036
24047864
8259519
28002021
28373747
27423415
27250823
3344250
27981242
28168230
28011044
10612394
27756221
3535719
26868132
27849409
10426139
27790175
27590047
8546130
28111820
1325652
2575071
10827108
27883264
7337133
9041081
27274086
28377738
8912632
1201235
7795652
28144577
27909143
28229071
27536472
28380256
27906082
28107548
28440108
28238559
27715500
2220369
10533019
28464828
7802009
28120398
27734289
28066805
7421734
27344476
28459980
2021202
6103091
28002428
28331048
18577439
28250235
28408903
27828852
10978536
28228553
28491259
28095477
28165155
27246120
27766286
9425228
14595443
10366443
28159133
28241991
27997288
27570955
4581267
27697674
27976654
27319018
18177388
28070275
27981855
27569995
2172835
28132082
27958282
8441146
27727240
11419773
4467142
27526315
19944333
1567413
1674604
8531967
23871786
10672628
27987144
3358181
6386793
29065170
15882284
28209945
27714730
26876532
11955620
27645367
27338347
28069611
28284180
27535101
28296582
10779507
27339305
27295294
22836123
27716016
492812
9867728
27753022
1079693
27452398
9651357
27660844
27761076
6585590
27427881
8408659
27703752
7834920
19319147
27929083
28450514
7499366
27796364
27436784
27625449
8958188
27984219
12445808
27511635
16157917
7644931
27766200
8492347
8621452
27940576
10943845
10707983
27847549
30280191
28340485
27383496
28103841
27926483
27761899
27470968
27745773
10607840
8590259
26470726
27704621
28379194
28505806
9463309
28179361
28539075
7298854
28222139
27397797
28273482
28205317
27821288
28123271
28842469
27825100
11058428
28165579
28468941
2980315
12483326
27565983
3833372
9480859
10817650
8204608
27667368
8346255
10802660
27441638
28127853
18161408
27503306
15696449
16867021
28010143
28454482
27977609
27301553
11912119
19306381
27956037
27780501
28418943
28486232
28454863
28525838
27257694
28179001
16960342
28074147
10803599
28043654
27337704
1424076
28284875
3674116
27798174
21810259
27824334
27893864
27849637
20084309
28532323
28283668
27676724
27623486
27889529
27347792
27441507
28051899
24842192
10480348
27979025
1999339
28280642
27535586
28209459
27541815
25024845
27588084
17828434
27846748
9342365
9930991
28085530
28464907
26102294
2303408
8955532
27542164
28348168
28480148
19553912
10903743
10403837
17543491
4209782
27237301
27841784
28204870
27626099
27872609
28327345
27274087
27604152
12855678
28063390
9272171
28348382
28431783
28528555
20561923
27532007
17356399
8808605
1451544
28231469
27905023
27831827
28064005
16740173
27673404
28324284
27815131
27628393
28368537
24742750
9647693
9973276
28479259
28145617
27467655
27642330
8644703
27726295
7581380
8742498
1684569
27382354
27814657
15234988
27245303
20105310
28472177
27644688
30991764
28135997
28334327
28406413
1615846
10406661
27943262
27411493
28270172
28377193
28528178
3088349
28123213
27461472
27320863
28011275
28319065
28130086
27500434
1289188
28282510
28274448
27412534
22303482
27453830
27631472
27771814
28301509
28217611
27330995
28083444
25826077
27660667
27446916
27777603
27840085
27295129
28228265
28332476
24894748
27805887
28392552
27464574
11152479
5413018
27329050
27629246
28242692
23022312
27697757
20926645
28373799
28446912
28082453
28265773
10510854
10798358
28055920
1700207
27457246
17223814
27599942
27874309
4361614
27707812
28077155
18310445
28432481
28418444
27337055
27906155
9521421
28270271
28327595
12653683
27480410
26900324
9480844
28487437
8640236
11063725
28244050
10737981
10827109
18083142
25550469
28293275
14698717
27779702
8081366
19356307
27452524
28533814
10323740
9410898
28414203
27567148
27305656
3610120
28382289
27721550
4069770
28506958
27591146
28499328
2828430
27725792
2886572
28413969
15953230
3719553
23791840
16801510
982002
11858397
27236033
10072587
27689325
18945509
2415537
28209183
8673131
10557317
11997383
6985498
9653867
7824954
9731533
27507702
3891813
28243093
28009593
28267199
23195221
27464911
27935120
21936019
16132524
10414674
28424606
27284958
3597556
23872883
10737980
28295414
1709636
28486810
11165367
28386942
28108868
9529364
28115395
27322685
8643607
6087154
16680561
27577581
19728177
6892185
27439396
11239445
16844102
27494020
27795726
12446779
8477262
28297629
10766186
27515772
27871326
27994578
27532819
27629431
28450207
20882060
10401555
27632886
28536031
28088218
7967231
22711886
27502584
27634338
3107448
28059412
8649546
17194457
20447294
28405450
27826436
18541230
28476169
23402
28389985
27660855
6888657
28077772
8466512
10520387
20735774
16661841
28459391
28501006
27749796
28446633
27752082
12693984
15858223
27430240
27631550
27793684
27384676
27826087
27902303
20828385
27513632
28221032
7066357
23019098
10553045
27545399
27801847
27922526
7617034
3865016
27374109
27876505
10090885
27303808
27439116
28187247
24999722
19447152
9630698
7876093
27698061
28381362
27273160
27542694
27820857
28117698
27620334
15517007
28143425
1673289
27630165
26890356
27503899
2316519
9766636
28420538
1346924
28518001
28084862
6769133
26743002
7651517
27657150
27294314
27923916
28473531
23374751
15946627
27733749
28126110
27837093
10854423
22905138
28515226
9766615
28266114
16174948
28215490
27570362
28276986
17562951
9495837
28403887
2429800
27563025
28296680
7668252
18356633
28138939
27440725
27837176
7957066
1610789
3853310
7970727
28130212
10985896
9694715
16330766
24464220
12589964
27476889
28513195
21794176
27887831
28205369
25885470
11229942
24045033
27753194
28457334
435349
9223305
28301024
19706770
27500205
28100136
19557447
28164568
28185777
27771058
28400724
27790295
9315665
28008561
27685187
15231747
27708057
28249160
28541870
28747658
7579347
28295933
27609916
12905102
9625142
16906379
7018927
3461217
27716187
28395912
28241985
20595935
27662437
24283660
27894020
10458166
28401602
27650225
27299916
26782073
27866595
28334564
10364518
27465797
28097027
27453213
10767343
27325072
27761922
27871510
27514242
27625705
10842298
27793568
11102480
28501443
28497891
27633771
8116611
27829875
27355340
19581773
26864880
10484778
24126062
27796450
27920091
27392509
28314184
24040781
28389374
12851669
24047252
9473669
28433448
27994293
18025637
25284079
28485130
8741744
27286759
28388017
28024592
1556529
4333895
27285494
11135224
27715398
27337390
27364610
27997150
27845220
9674906
28399813
26025664
27713074
27682280
28280760
2385256
28269382
27438188
5979494
27776910
27251918
7858169
27306647
8673132
3422216
28383311
27714861
28168163
28346915
28413509
27921401
9249847
8248242
27987651
3343337
4069003
28146639
27395784
27608421
27838407
5535908
27803787
4988499
1280054
7876099
28284223
28166581
11086001
8551426
28660748
11830136
27701245
27917468
8985298
10470286
27429532
9662395
8258524
8825052
28464602
27332210
17879217
1483696
28035661
7671401
28419865
28546554
27756117
27868316
28430891
27882455
27292648
27381670
9668171
28181519
7516729
27969034
28381574
28056457
27908689
27591323
9368056
27909876
1361100
12571256
27518506
1301938
24345882
27799085
9672273
3572301
26131711
27248656
8844170
28527621
28284588
28272254
27666303
27330705
28502074
3101906
28163288
10446987
7423039
27607849
28105644
28370605
27273231
28158316
7815415
11081504
24058610
28391514
12194817
28124578
10693807
27638176
28318886
27830257
1351034
15897593
27723749
27811200
28471656
28135040
28350803
3173180
5761127
27494903
28432665
28319502
12203264
3955154
27585843
27480504
28194574
27110092
7858459
27355434
28531851
28274609
9637683
27590051
17344566
27763528
27663493
27698942
27519262
27511456
27876145
8387218
27860187
27742821
27519675
28084988
17147461
27575455
27798730
3538855
27966700
27999011
10713017
16418614
27845771
28054712
15985056
10417280
27289224
27862448
1303277
5333431
27840838
24042237
27734402
28882895
28411139
15338796
2008213
28236586
1651173
28128305
10607832
27407027
27936353
27484988
27242865
27595710
28341903
28036301
19552780
28883038
28166758
27292374
27823893
28385178
19692487
28540341
28424727
27086366
28477843
28333137
28286333
27936362
27692319
27613550
28336096
1378968
9869602
27588892
28099123
8162071
8075631
27636378
8701013
27908578
27699206
10390729
27339893
21029050
9462743
28341723
28457143
10742101
27720895
16663158
28062652
11545741
28469721
27642699
14976857
15579441
27580729
9271438
27956431
27618756
28380217
28187885
18560792
27786249
8071957
8248235
27420620
28260047
11171957
27653143
27940059
28149400
7263204
9754849
9088814
2912069
27634034
10526274
10873535
28245184
27492044
10381257
24727461
28159418
9831355
28352958
1671881
28251086
27690050
11279304
9587734
9380751
28343001
17319906
28373959
28466270
11176729
27794381
28465195
10484765
27642003
28086982
7542793
27587390
28035480
9563500
2220826
28371745
2887062
28388524
28235687
10541953
5501509
3014652
28464071
18417364
12828076
8248209
28074357
28062147
24068571
9787077
27645456
28117729
27334669
27680876
28550165
27521418
28106001
27639988
1577476
27692696
28155918
28143560
15458908
26110643
28548949
27305688
27862629
28058593
28285800
10712201
26950201
27721784
15275829
1338904
28499120
24535067
9792860
27393252
28432944
27749081
11198499
1355091
1564236
27571385
28361307
27508384
27475688
27732923
28306707
27694392
27786291
11431197
27542789
27989819
27914987
17040567
10722749
28161405
28117535
8428657
27299522
28115485
6942642
4681747
9360520
28089452
27848007
27282214
27359086
27486082
18208574
20558148
28440461
28360843
7458742
20334596
2797793
27489143
10427794
27348352
9215685
27335213
1374453
27389043
24477591
28386687
27279849
27848155
27485101
27928009
28545217
28003476
12930836
6585184
28197102
28356295
9931093
28426667
28286021
27609696
27654398
27573470
27867860
28541292
28274876
27571215
10548550
20226780
9766643
25025095
458486
27836684
28465773
11569530
27826313
10891444
5354487
20859899
27359321
16906642
24554916
27989992
10408776
28521299
28414304
27459898
19803309
27606477
10487695
28099370
10706098
16034922
10802667
4080814
27798906
14652223
27571264
20566328
28241859
27779321
28472129
9223307
17042910
28102322
27798722
27534961
27301853
28067119
10661407
27299182
27321599
28304102
27515303
27940904
6817363
28297577
28459654
20098969
23110901
20080419
27545082
27866394
11271907
28428259
10556298
27983636
27461771
27929187
28239454
26499944
27500005
28251753
3341566
22013808
27853255
28203549
1301161
3557226
8755612
30114225
28233874
27242550
28249376
10709732
27300936
6051333
27784277
9927033
7504976
10967136
10967094
28209658
27873506
7596955
11063349
27357394
8739323
7479749
27442784
26991973
27267338
27280293
10888879
27622771
27282454
28503759
3907892
27939374
27942085
18631865
27784873
11639722
27609921
11694026
27718023
27445450
28375743
11860278
28077027
17954033
9385378
28150365
28252207
816141
28441459
27777712
12549952
8486689
27942663
10071193
27503979
10094559
7919560
17600377
24902786
17035713
27628042
27913319
11847945
10942362
27890470
28213659
27296867
2568588
27654842
9843512
27718505
27570556
27777102
27845744
2885844
27768391
9799166
27812858
28460054
28508668
24923469
15276093
28260464
26462740
10976074
27472389
2786251
27857155
9888390
28533317
27766178
4420760
15991002
9915601
28003168
28500997
28026207
27875058
11152476
28051263
6902670
27312379
11559748
27282265
4246549
28492483
27603917
9620771
28429500
27516254
8135424
9214597
28456751
3676049
18809400
27670600
20698227
27708139
10064668
27241291
27694780
26867927
28082632
9634518
20645716
8867793
10484773
10556285
11980910
27442214
28270084
27618260
11007689
27544735
27777972
10210128
7890216
28231426
28329001
20927253
27932645
27400764
27935981
27371817
9241281
25315346
28521737
27639061
9733027
28119222
28092734
19211690
28436593
27485340
22971992
28247308
2312209
28101574
17366349
8692963
7315872
26062999
27516791
10753822
1423339
28538990
27300947
28507142
27865850
28125105
8843194
27723444
27637577
28269034
28193730
6337374
27778231
28050352
7881871
8524402
10598803
28203094
27933285
28361288
27659310
28233467
28536123
27808258
27599756
9874765
14568327
10235267
27330692
7905825
27716352
27655998
28341154
15033475
27437203
28108814
322550
28481342
27432227
14633084
20162048
27252416
1776638
27951480
28199181
2817003
28432743
27528471
102474
11781389
10430930
27859401
19338378
2557556
9012409
11158580
8812423
6517710
28284864
3578281
1535072
28540536
27287100
24717468
28448263
10487710
10598815
29040339
2564649
16596970
27343757
9647766
7759075
30107177
28132389
27258136
8581736
27794742
26655640
28367681
28334615
20554759
2161209
28097208
25007073
27744233
28433214
27762482
21238926
10748049
28235434
28063131
28285309
28081533
9463318
27391592
19967075
9600082
8514073
28424445
1978564
28442229
27601937
27640183
28000357
25279796
27644702
8579579
28068656
28375449
28486935
21542473
3873290
17397547
27358525
3371379
24956853
28469263
15321332
27775984
27568206
8751386
4159838
27353925
12119107
27582170
6262916
28295777
22433423
17049862
28222314
27286333
28198310
27534355
3435397
3127138
20195852
1505217
27819344
27875010
25952846
28494325
9522143
8779720
10571950
3858849
28392965
29470556
19463742
27272784
27709647
28231967
2598570
27941491
7937795
27695358
26615423
17574447
11075807
27539945
10455115
20510337
3862128
28296818
27903185
9585583
8500791
29059224
16584858
27743356
20470218
28101578
27816055
28149973
20192893
10944437
28278087
28012091
6695415
17089103
27392740
26556829
28468761
1359137
19274460
9063749
27485749
28319640
15797939
27734729
28448089
1395192
6666578
9284918
27665996
7390473
8864707
18439803
10404839
12805933
27309274
18165598
27871172
27259326
27268023
27653736
27504422
3929277
27404405
28113808
28538914
10190331
27716325
11238452
27983510
28150347
27533056
28220122
12600698
27659602
27914587
27266753
28129043
28060068
10441571
27821210
27445856
28197674
27625093
28303341
24927617
27913563
27395231
27515958
8944023
10910842
28431108
27891554
3970039
28145564
28069303
28002085
2614930
27257353
851038
28157688
15588663
28530664
25128964
28103941
28181688
2180286
28464953
27522061
22729903
27558728
8267029
4264226
10830915
28105138
28080032
27989147
26411452
3191389
27768063
7053705
10915770
28190724
8401501
27686952
16629641
3856631
27347668
28008174
27486419
28324051
27508328
10364521
27626325
28284173
27479571
27467147
19263707
27391754
27280485
10226785
15565293
9083764
1349199
137340
1323345
27822855
28404899
28487818
26356837
27677861
27831982
27404466
20667451
10942434
24675088
11928786
28129238
18503483
28429775
28384889
9800909
10669626
10773454
3718019
28373627
27863204
27565913
12059909
28341196
27357607
1562739
8307570
28141819
20161747
27570972
24733133
10597216
804391
28025224
10923035
28210659
28087071
26094
9149941
6794356
17491223
28393896
27597994
28190742
993342
27977762
8659549
8410199
9689113
28093699
27540584
11868798
28255317
7803371
3800626
28091653
27465497
28356622
28452427
27274524
28405013
27298741
23118027
12165618
2912886
21152263
19427096
27754397
3560095
17879100
11698418
4141741
28036337
27653616
27686752
9867744
27301681
28139069
11207365
27878992
28471060
25086780
27358905
8198128
27776171
23640975
28349200
27894158
27786590
28801319
27478557
10716718
27742350
28106131
28412693
28485296
27867770
24641119
28246934
27773614
1648233
28382143
10198641
28545139
7894493
27866508
27345138
24396288
27568582
6203452
27299091
7416947
27746771
18464113
22622800
27847720
7959759
11259612
8798744
27819740
20807568
28067006
27366508
27896225
10878360
28542333
18221477
16005948
27856018
1693656
10051005
28118085
27665550
17919553
28294943
28443376
28452185
1334918
3714122
27933173
28149055
27378028
9636837
11243782
8678979
27372861
28103883
28131783
28533939
27799314
28469987
28532645
27509880
27855988
8475949
10639175
27942974
8752018
1732369
28263809
28259970
27294526
612112
9580132
3560096
6859721
8579598
18417176
28019021
28433910
28471941
27453556
10747949
28141713
27459060
27547432
15236497
28497407
28260077
24586582
4052551
27467249
27832198
28381880
16880771
27975061
1329093
3962737
28375585
27087647
84204
27572614
7743998
28282963
28360979
11334364
10732816
27851974
7811247
9401499
28369266
8184922
8314592
27940951
8333863
28126550
17786501
27493925
28512060
6687006
28447828
10192393
20856928
27851729
24971614
27352045
27770762
28112685
27542814
1384324
28548970
30836660
18221780
27467766
8843193
2320800
28544452
28456987
28499113
27504738
27655319
11891219
27831503
27741956
10077614
2862466
11439380
9118956
27621804
7727612
28276471
7076260
27612043
28429154
28495811
27860542
11752354
27772556
27902975
27294858
28515464
12678199
28487075
27909122
20046642
27301186
1731805
27867331
5076532
28166262
27906083
2006152
28213541
27594695
28066382
2709684
15120741
28952
24694877
28125734
27842269
12140175
17612403
25983002
25024480
27284491
28017476
28030997
27890602
7951315
20588063
28472512
19811499
27293431
9774970
27530547
27743718
7490082
3973521
28018523
492335
28137551
28194801
27664877
27500809
28004744
27546724
9047234
28428256
28213310
27678029
2505783
10628838
8944024
28432511
17629427
5412436
27440782
27817925
27446224
28249926
27617315
27422009
10533031
28416098
27295651
27559734
871943
28483530
27616886
27613895
9931490
9457913
28332137
27318553
27310240
28237762
28194519
24204877
11696592
28049415
28263242
24444968
6086495
27539002
11102511
12093990
313733
28378668
27680598
28208923
27456018
28274612
28244945
27288457
27555898
28342945
24665854
27583127
15609701
28250022
11410164
7619765
27332832
26002693
1147734
27438403
28178386
27687042
10913346
27891581
23651211
27799920
27242395
28132824
2352258
27373772
27934808
28091359
27857788
27900080
27941576
28357725
6538499
12202650
27384305
27828791
28509623
27853757
28262302
24309294
28002695
28102508
27356448
27988640
12359538
28340260
27721673
10993894
8825380
9771706
27977319
27840131
11597136
9523805
28505177
27980739
9888388
28442343
9138149
17615423
27863477
12051122
28232316
28445368
19710510
10954742
611664
2435991
28118773
27802488
28501699
28521617
6292680
28243978
27765805
27771784
27631520
27611967
28010062
10369870
28229097
16167916
2987984
27660632
27510784
10797418
28423855
27500262
28120334
24402617
23991091
27760700
28341161
1248000
9425239
27861771
1317264
2989709
24311840
28463704
7931490
24778426
28427537
24072398
28496419
27075443
27644855
624546
8600462
27451448
27481186
28333189
28456990
28319438
11425091
27481907
27896851
3629586
28376393
27514440
21711177
6454943
3564823
28274163
24477844
9022263
1424237
23917571
16309808
28420059
5855761
27482315
28315127
11001923
8504797
27454066
27376349
27261783
24588023
27884439
11581460
28243923
28322885
8558192
27738068
28247087
28214898
28272842
28254935
27913270
16364460
11642480
28110078
27941815
15031900
28476060
27476670
27384095
6615679
11566096
10521293
10623476
27695680
28283889
27929135
10828014
11641404
29845292
27233466
27978784
27494135
27811060
28341038
28280149
8092427
6893265
27977731
27910818
7894491
27473951
2995231
27994448
12106695
10807237
27121486
9590284
19293073
27317655
27446852
7795596
28378026
27896785
28099597
9431903
10770468
11745287
27760149
11027560
28523479
1300436
11054413
28289065
27251364
18756913
27932568
14704468
27321745
9931460
2767010
19719056
1352883
28237116
26587585
27736701
28213926
10381492
22286946
1733838
10861282
1378843
10534401
8160791
27366176
21607759
23762492
27649458
16563323
28464554
19917396
16702410
28295357
28375729
27875815
28436286
28258572
8929264
9721172
2730637
27842161
11773892
9391889
27437094
28243464
28855439
27560368
9215637
8938450
28523528
28273336
1313112
8659522
19473225
28068934
28062447
28006726
27995352
27561345
27354631
7490083
28409370
28362102
8774881
1311721
27899941
28458045
28403862
27245335
27830025
7234705
28098263
27824066
28450855
27924262
28277099
7556175
28058834
10915792
7825586
27614145
7248170
28363919
9154656
8931709
27602300
27775720
27769797
28438506
27366491
27366556
27249024
8643544
28148261
27760732
8643966
14755728
27617011
27742121
28327913
27338437
17242861
27787497
28032216
27566854
9056547
10746568
2253937
27777427
10633128
27892522
27413283
27563235
11284996
28387168
28412969
27236780
12481039
28178994
27347631
27399557
27403105
15282950
10078732
2750819
12644816
7795653
9391879
26450454
10085150
27267388
24928523
2674117
27646139
27445300
7420681
28011059
24209900
10524660
16483385
27498027
9655184
28137262
27935268
2055114
17682013
28436738
11463832
8332913
11137999
10590055
3375885
27696493
27920636
24881749
27250949
1280707
28469905
27793507
6323692
28505487
27480530
27099072
28246046
10083733
12084448
20644716
10684944
27563616
28179308
7651522
27386263
10533068
28358712
24091473
27344620
28351298
27506220
27598463
3393536
19721134
28326653
9856498
23775080
28144564
28415499
28108610
25907210
2131034
28137537
8182091
28070281
27843457
27550556
28377210
25753817
10027919
28352621
9072974
8663110
19392810
10692744
8637912
27468990
27470998
8651278
1445986
1610717
27771865
28035391
27473877
6321816
27425447
27306679
27490343
28508329
28257468
10766764
777027
24333387
11076957
3780697
28463933
28518216
27270753
24220752
10373484
26515759
27378175
10411803
28024227
28005775
20431083
6806735
2745424
1436384
27460285
18489763
9122265
27476541
26820130
27744574
2234245
2613033
2963536
27328365
27566296
27820849
27851791
28520994
8551235
28478603
27729412
28883039
24705272
8755645
27934977
11263551
27606118
27230238
27532798
27644675
1867351
27689542
27787973
28490813
27908989
10973974
27939879
8394174
10327032
28096993
9028321
28189277
27755168
27990642
5951104
27510571
27892857
8931701
11936424
27431445
27742373
27652718
8372922
28416855
28490376
28529121
28490253
27262362
3423103
1639466
19825989
1327525
8824873
8471773
28245193
27781405
27260627
7791169
9259282
1939657
803783
8632143
28420066
9746003
9144439
27516476
19729346
3297909
27299289
11084341
27321338
27481922
12231232
27678317
3042382
27631624
2549018
28411263
27326352
27676379
19655282
27834836
27812530
28493125
27443504
27986757
27994747
27355356
27865260
10767339
10192385
28301248
28394503
27810033
28069279
27446048
28422140
27598472
27262143
27421268
9547368
27453359
3033436
1316718
27235870
27299763
29136006
6287825
27580908
4239052
15233872
2358093
24664478
1301146
1468459
27668791
2254971
6637851
12013711
28323338
10528860
8682684
12117771
25622904
15625689
28161688
28106239
28397323
15815446
22808010
28221207
27273307
27734182
27265654
2553470
10706004
24691439
10698963
9988281
2907585
28300835
28436264
27429935
27942049
26847345
27417076
27471103
28421317
1592014
27578983
27569088
28137449
27832181
28284237
27571223
27869148
27689386
27761669
27887867
27320055
27274541
9346876
12065586
3362213
28237781
22696963
6436733
20042557
28082225
27585205
28231785
8268147
27918168
27405997
29183288
27251157
28215507
28098048
6316193
28167269
28386881
19308880
27987927
9949197
1718282
28408329
28358234
28430341
27617383
28407625
27570685
27706588
17151160
3070035
28088240
15686794
27768814
27853024
20722491
27714497
9022662
27494906
27235559
28523425
28179690
28296885
16274958
27402827
8460149
28277189
26590805
28329231
8651283
20368940
28386168
28034384
403557
2258622
27618497
8281152
11776193
12615818
3108839
28100635
21731759
4311586
2425813
8248204
1655529
4632760
23864035
28235120
28444830
27426713
27355258
28407355
3439580
9108485
2260980
27760426
28106838
8505317
28544215
28038326
27408447
28347978
3011812
27721721
8480959
7556170
27922994
28367636
7173007
3146346
3496378
8829025
28439713
10449429
8808606
27409657
18239197
10788334
11752998
28393239
28457522
978847
27532629
28143658
27899384
12270937
28459977
27578611
27473209
17943461
28398095
27372076
3864191
27542569
10589394
1728522
27540024
10880510
25026586
28191893
28479016
28487909
27707823
8302922
28416969
28410686
10556283
2008831
28150378
27840894
27235977
28269352
28199964
15846520
28296029
7316485
15265979
27637575
28402055
28526816
21931565
27498545
27860369
318684
27859998
27314612
27924297
3975902
25439058
7292072
27646607
28410411
11163187
28364927
8917548
1338906
3950060
8386779
11532387
27876534
11481447
1756784
27476158
10077651
28281646
28427765
28377051
28091848
27758943
20196116
12140263
11583940
27712587
8170551
27418256
27779404
7650771
28073595
7926166
10878391
27312729
6861444
28382844
10449794
8533762
28125612
23254194
28163942
3926280
27265179
28063657
27356521
28454015
24036311
11999899
7951316
28177993
27428958
27515250
10051007
28299685
27627778
15814210
28266177
1281549
28077898
28054956
27422367
23677713
25445193
27534399
22964642
28092486
23424832
11050005
1655018
28407650
28403406
27478553
28398466
19481073
12523489
9703418
28438542
9482110
28476271
19778378
7862923
27852582
28396695
28268504
28166877
27538344
28499343
28128970
27491394
28232582
26937641
27799048
27840666
19889778
8841191
20626887
27977490
27768229
27720129
27960292
28072668
8643971
28541529
27473375
27859172
27776794
11311562
28359316
27538372
27435835
28420030
27861652
15971136
6688123
28270097
28323926
11804589
27856752
27926583
10531035
27505653
21949024
9071336
9554743
28503387
9105126
28386950
28451941
27694287
27493840
28303067
28403172
10408771
27729000
27521295
28410389
27373836
28209454
28527954
27576084
11474137
27267564
28342789
4850295
2572590
27939354
17344330
10915768
1257366
27692888
27773678
27942907
16710500
28684635
8766220
10607954
20100334
27558793
28379326
28104952
27526663
27519886
27805500
27690568
17020434
28495934
28104084
17379047
10814710
18329269
25031906
28268114
28385594
20067456
19631624
28339048
9497246
17669729
27693393
10751307
28266699
20129423
27653173
2500019
10834846
27608985
27909142
8638876
8723064
28253085
8894695
28410350
10975596
27837915
27399843
28469422
27794263
27363212
27761762
28010951
9862446
27899295
27882066
12523465
28545365
28103878
28165762
28026871
28515448
3987172
10071185
28413794
12789195
27354640
931801
8968760
2004015
27111890
18410508
10737864
27569032
14616590
27681813
35781
6674249
19234905
7248895
10625670
25946081
27487593
27751685
28534352
27356151
27613669
24288432
28317716
27782044
1595783
20164825
28063948
1728915
28961247
23436255
3084231
20880751
27656565
27943546
7957065
27593936
7161250
27336004
28123242
27390504
2870085
27838809
28063273
27860185
27569827
27113387
28550154
15957009
27932462
27611338
16911931
2852474
10409432
27325393
6650504
27336997
27292641
28101973
12042105
27774519
27555478
9579567
27504849
17351238
20009434
28549399
21106074
27615860
27812406
11054569
27348711
2710809
27567951
27378927
19843802
12198388
27454379
3565372
27831866
28468745
28527513
6503301
7843916
28284685
19818392
2265545
10323252
27481714
28466379
26516699
8486631
8528200
10491763
27824925
28112192
11062248
27256491
28252933
1563460
28226266
18343374
27640134
9792409
8595416
28076405
28004480
28057660
27451934
1833974
28338976
28097508
28487667
28549760
27608841
28110936
27623760
10831842
17532790
27586108
28152029
8318674
27993978
10716726
24438483
28277932
27308603
20683499
27249236
27536134
28202494
9427148
10631148
18363626
27273918
14576168
950631
28485268
18657397
1577763
27939139
8871666
27379139
28437772
27602058
27857099
27941991
27553588
3088653
28471447
27634905
27974047
24768818
27483491
27484604
1449452
11299446
9889429
8953972
28373991
27403338
28274077
27941728
28194562
28430012
27566320
27853635
27809747
6433367
8612563
28278674
28087237
28327645
7605382
3258663
8755601
27556586
27708774
1360900
1324223
1505028
25054547
3503576
27629727
25084821
20589632
27348517
27641480
27771746
27746055
27383326
28340580
25071004
16839665
28292338
27377502
27508512
27988342
12448656
11026989
27691994
28143537
27585079
10721669
27581464
28353042
1376553
28087598
18454191
2241452
28443672
27625204
27921269
26348666
27610191
27645371
20726346
27623532
27649982
12407027
27275827
8231633
3661362
28288764
28056901
28525754
27321892
27905324
27423449
25818835
5628336
27543814
10882741
18703024
28222192
28067703
27659794
27485707
27941914
11524350
2760209
27332346
27709987
21636394
27798823
28180050
28394851
27790522
19387625
27274893
28235040
27677676
10799322
27537530
27706773
10369860
15018178
27475696
17490864
28368473
21124868
1301190
27806385
27566564
11256525
7910951
3131282
27920947
28524604
2894766
23433219
27623945
16661990
27430662
27733154
28368423
11861791
11031099
28532359
15350218
1353340
2880430
27542238
9827804
15266362
27710899
27643972
6387529
10911990
28377331
28042936
9758264
28425183
2051906
27811630
10724160
7543316
27274791
7493024
28427273
27468821
6381653
27623376
28077924
28058375
27896781
27636509
24114426
10986547
28391546
12820454
8098180
16820346
28539349
27548895
17572393
27103577
27692274
28177801
1967484
27342978
28358612
555756
28163575
27634305
10382909
1786266
10728962
3012567
16428827
9066888
17511042
28449664
7930386
7007443
28449774
9725303
28393242
448423
28245342
28386663
28324211
28224642
2309142
2224762
28240704
28387445
1358807
9334596
1504402
7951327
27507301
28249785
27773722
3083835
28370352
7991123
27298004
27688904
3125768
27313723
28400056
27626488
27690079
27880839
4880196
20105280
27941707
28118814
8919272
9618483
18006530
27515307
24234943
15630069
1117341
27251800
8088831
11875660
12452237
2383364
10942389
28133644
28290106
28161861
27900133
10441573
27314527
28235956
27635144
27997759
10737119
27865227
28122459
4084997
27799311
27927213
27473602
8162051
10430841
27449508
28438309
27274281
26449539
8392553
27634004
28508422
27488602
28495651
2491010
28240634
27614652
20203690
27846337
2594614
27688320
7072798
10958786
28486801
7520377
28210319
15764424
28507202
27680974
27449845
28162781
27172902
27576608
27512378
27335087
8278214
27256126
27798341
27375491
28005403
25847295
10447258
28220082
4030473
10915776
28454487
28390852
7523157
28075514
8800187
27742630
11395263
10380929
28260547
27815525
22524198
27866498
3716414
23966295
18341442
27357530
28088177
16403073
28322190
24132704
27473429
27348405
27936395
28549178
27583405
27542380
7759076
27935944
2375138
27252199
28392427
28475081
27796455
27861593
27257836
9698967
27649667
28217505
24659727
5127879
7962532
28470550
27562951
28108302
28400582
27651975
28086838
26466330
28118752
27749441
28459089
22484090
28075493
28520198
88336
26934121
27339000
1319059
27312275
11890511
18619688
27771331
3998744
8240110
27472704
28343993
28128333
10470088
28219657
10021369
28299515
28328136
9590290
10615125
27632796
28480413
10091617
27494870
28391978
4862232
27723907
27257056
27602302
19715529
10939760
2907577
19445921
28281972
7663524
27924038
8833159
11054547
17975693
10681536
27977439
27280525
23630352
8888541
28347608
8931695
27306621
27919735
27811711
1679035
1732442
9856499
3137399
12487093
3377761
2533791
10712225
3001299
8929413
28512014
15899738
3780814
17355643
27456062
28472611
28540429
9660111
19914299
27791362
27436635
4430278
28542641
27323673
11172815
28428488
9571771
27333086
19356053
27233592
30594253
27703571
8251368
10807793
6524872
27964731
10802669
27765873
28502652
17205713
28055578
19515070
29054964
27213687
21479249
28350368
11835460
28457384
12029471
234669
28179478
27973380
28018203
27821419
2625524
28180235
28053798
16369751
27399065
25263533
27450737
28362410
9545159
1127526
19841052
27380733
18513945
9674903
9223106
28168514
27725659
28074666
11426838
12536034
89511
27612680
27387187
28506069
27818984
6504332
27256046
3795282
22925925
27363786
27807162
28193256
27470589
28245982
27999083
27734513
23211618
28322784
24595967
27460078
27545829
10447259
10861298
27297967
28186729
10484776
10967134
27598153
28436433
7724492
10807385
6016464
28258403
17175308
20372924
27422746
8536981
28341536
23395624
27629905
28179938
27754198
28264394
27253877
27468236
27574814
27887578
9465301
1381503
28112421
28429315
3346018
27318046
7857677
7806211
28476926
27923741
10866201
24067251
27298278
28322271
8252631
28129375
27397752
27531288
27806383
1361574
28346424
27311863
27898665
1682919
146391
10888605
20459769
20408947
28445497
18507837
27454252
27796974
27614386
28436990
28032366
27409644
10747931
27783097
10677406
28011843
27779699
28034357
27780592
439781
10936056
27342305
19108278
25951420
28127799
28360122
28523090
6133211
27689092
27618734
26027517
27706165
27481539
27297523
27496995
24971338
27818328
28371313
11196645
8308951
27299886
11695884
430165
28401887
28284669
28298446
27755272
28424986
27326914
10545613
27713123
27334522
28250430
19430421
27757335
3402399
28332608
28462781
8854309
16142402
8665051
21195121
27341373
27848974
28481498
6415512
3109094
27280034
28041848
28356129
27928650
19536134
10528243
23750584
7568002
1707231
28406477
27196563
28042104
7490091
28449310
27233918
9881641
27993018
28460030
27493011
9774969
16484711
28159606
28300431
27772674
8617710
7624774
28453826
19300402
10924409
25874935
591536
28529546
8073369
27542782
6773726
7106752
27357217
27738051
24158386
12852481
27912013
14745746
27655678
28524099
28285346
28179399
27338800
9201797
27442216
28150322
27995969
11860495
7981671
27633344
27497497
28399871
1269174
10987655
354896
12466223
28026981
27387068
10896916
19759529
27600888
28536004
27942614
4027862
28428818
9100294
27748834
28458859
28302782
16904497
7265370
27630041
27683067
28396345
28190759
28269523
1655284
21182077
27458601
16662492
27771196
1527456
10193809
7422429
24046764
10377440
27903619
28134554
10704444
27873109
5121959
1385987
2902420
27671789
27408908
28035718
28471149
27924533
28454282
9782254
27618138
16132448
28359890
10441343
28369089
27525549
28355176
10882522
27935078
6747681
27692419
28550348
10978331
17223997
28075473
27516253
27684099
27650249
27994743
28094646
24753331
27847809
27240560
28468980
28341674
2322844
27282845
20713142
26845040
10369880
28437199
3694504
5887008
28260110
28416598
6604602
8533757
28366406
9465039
9479505
27446550
28544275
28191261
8774743
17255138
27075747
27714376
17931375
27504100
27432486
8659767
15325671
27505217
28242166
10764869
18674790
28458075
16858720
27602898
28512111
28249118
27599297
12584269
27533401
28440090
28057994
28366770
1517503
27244222
27446579
9892355
28205489
6728873
7739955
27906085
8706133
27354219
27600929
3173179
27286118
5656095
10950930
7490097
28105970
27235824
10938276
10200300
27902690
12691807
23752226
27578508
28027163
27177927
27677398
25693948
15188772
7663508
17721298
27737333
28338634
27935495
27364501
15592808
7905839
9182899
7611277
28074914
27995377
8748050
16608204
23535177
27443945
28199983
27259677
28186107
27446352
28409651
28394294
27688460
27348675
27466300
28330678
1222588
28360143
9792861
23648511
28018330
26561546
28112376
27393222
28506602
10417279
28238074
27318131
27628070
27370179
16323982
2790457
6286738
18817535
28130404
23520487
28254372
28531873
3769769
1346773
27812000
27639384
27340160
28389382
7477981
27436508
28082458
27303047
28447924
27791169
6985297
27746786
27398974
28456611
25732851
28267102
2578334
27837017
28261242
27683651
10579464
24914936
27938365
27406705
28287035
7729684
27270311
27414407
27792780
27607871
4119902
27710934
28345005
18309293
27251117
27445435
9270571
27855629
17879945
27598421
27294935
27825443
27508301
4646252
27608968
27624142
27807521
27375918
27703744
27929307
27925180
28375566
27061776
25884948
28000514
24901959
11195262
1423336
16573830
28274894
2927388
19289093
27821673
27752357
27255600
12372954
27310660
27704268
10190819
9703501
28251780
27669669
27371625
27726775
27511214
100562
10465113
27450789
1479836
28509526
603022
28236130
28370033
10502833
27811842
19761039
27263085
8690168
27415391
28505472
2716967
9451016
19358334
27303795
20416060
25761764
28237240
21391871
16337777
27364994
10205262
10753868
8786135
27766634
28249723
28339410
28348057
3411101
28451395
27737911
28374639
27680006
28471772
2650911
15614572
2952795
27551182
27356936
27474829
16428221
27440255
9585605
8563759
1779253
27914462
28521676
8988571
28373341
10220405
7102237
27485594
11745184
27261525
18442015
9731181
28316973
28514301
27926871
2007607
9195768
27999200
27313537
28135680
19957053
9027582
12489194
2334179
27530333
27876598
28166079
27498099
12498738
15075188
23063959
27707793
27623725
15531665
28295953
17854040
28221291
10982189
27385779
27389831
27617108
16826348
28299657
28437582
8437969
10715554
28494223
9536083
27628933
85485
28286999
23860123
2365818
28335558
28404643
21565125
27778115
27463942
11909966
28217766
27374165
28397991
28338247
2696505
28543041
28298553
10840460
27669294
27688423
28351136
27442448
28088045
28179911
8829135
9727773
9790667
11085512
27717775
28202626
28472931
2215607
27696737
3120485
27757318
18162529
27351590
27840175
20621845
28097611
7909252
891494
5535039
30562971
28545358
27117874
10087562
24434397
27942150
28225881
20552622
2440413
28478867
27622096
10947987
27412452
11245434
1253656
28439925
27422142
1969772
27860245
28125454
28243201
28116357
27827387
9346895
10353787
27499974
3015327
11342227
28296655
9222760
28456850
28289872
27298653
28147376
7769092
27855073
19135948
6453500
9508771
25211016
27793722
24204098
27413416
14742097
27858017
1301937
28204828
17445520
19037603
27804911
24840785
2633482
28244948
28097766
27283167
9480843
28376287
5979455
28300494
27336204
28343062
27965450
1687392
1303170
8571953
27793144
6299641
28374841
3409645
25082369
28299441
27304655
1770008
10944529
27391260
27782129
8319760
28462032
3431591
27794081
27729641
28548676
5536020
4550820
8421099
27777170
28294559
28346429
26640231
28333697
27876369
27494908
28532629
3703509
8892662
4774706
28460474
28381295
28278200
11827497
3997294
27757809
28049831
11027905
28424683
23947006
343678
17052873
8084618
27858508
10913340
28364409
27987734
20619828
2572625
4750181
27980634
3031535
25882704
27708411
27743941
18627295
7536611
6431896
28263181
2453942
27533420
27284118
7977601
28545416
28203464
28399722
28553016
28160280
941901
28247217
28334784
27257207
19884587
24100257
17241657
28430726
3383127
27891353
28473083
28319277
9563950
27255214
27300443
2400986
27815033
10072428
8702627
7880714
28186140
27430924
2096243
18791946
27813022
28095717
28337281
28490164
28581519
2673163
8717357
28065172
11366874
19767176
20038104
28429412
3789016
14503581
25119790
28322666
28547383
28415987
28316065
22208359
28154341
28261010
28263833
27402799
3404965
28003464
24911645
27382289
27871600
3524231
28259974
27802446
20477932
28092340
28814288
28122051
10722742
15009014
2008212
28239481
26466350
28385001
3464560
8248256
27445997
28268917
28078640
27737795
27110091
28094445
8647900
28190791
27764714
27261587
7628595
9714764
12461077
27744673
18081909
20821041
28068871
28131428
27529866
3708922
1428568
7550229
23936147
21874635
12041669
12574103
27343229
27913973
27777016
8096565
28314676
27479458
11988250
3032521
27477569
28417422
8600333
27703402
27438523
28358140
9482572
11282081
27748842
27467869
28211020
27639826
28316359
25698444
2209091
26883265
27412368
11278593
27706576
28139511
27718772
28456744
27315518
27655704
10480214
27885266
27555654
7166314
27681182
28361230
27356693
20533999
27670138
28040771
12761501
27919317
11706060
27835851
27485947
28381601
28544860
15036754
28363626
10726030
27667559
12179631
27768715
27990563
27293123
27666119
28279706
25006961
26919204
21637860
15246662
8434621
14739348
27259647
27274417
8528199
27340141
28423032
28138708
27465008
27848412
28242379
28279617
25575814
26476440
28282614
28539192
27311930
9371490
753803
3934126
27254091
11255011
27403678
27534734
3782049
27677368
28481004
27623277
27439307
27737807
9132810
7767095
28295770
28323937
9311732
19549709
28366632
17069550
1648265
2884570
25980581
10930361
8302543
9950360
19203554
28282592
24623966
11250767
27823981
3412544
116187
24190587
3653576
10092817
20466178
28439067
19531695
2309698
28533788
28424061
27510000
10426999
7663517
9294109
28351424
16677910
2266990
2576810
28286688
28190150
27571883
12707296
22750516
27579316
11294830
28295177
18201582
27621870
28504776
28318092
27465939
27502245
24091527
12397388
16755009
27697751
23125486
12119460
27546367
27443244
18308784
27876080
10528853
21955513
24193938
27941998
3475563
10712209
27887018
27747996
6106951
28055203
28323882
27871906
28494350
27620892
28359799
28116177
28521168
27916503
9515818
3780584
27921993
28217588
28262340
10319585
25218136
2785715
28435583
12063090
27349182
9027509
28430965
2484011
9672936
8667442
27367915
25026001
27583176
27685846
27704589
27995510
19672862
27516356
23460868
27325547
23376105
28318300
27894902
27313614
3876122
27240257
27631656
4881455
7717396
4071154
27849093
1579499
2703233
7083920
27831569
27687951
28542952
27392483
11379838
7683036
26551667
28265530
27904771
9223312
27671016
27932982
28347719
27601501
28282937
4495713
28469632
28456743
28244578
28056024
11302406
9662398
8589723
12535818
27895981
28345160
28496002
18754075
20103708
27890332
28249880
10487818
28219982
27582109
28195652
27511525
28053655
28186998
27648078
2273650
1301201
28133624
27316920
24729111
27829141
9852676
28018968
28394602
28121744
27661391
28090727
27896578
28395208
9855119
23796878
28058258
28470100
12924137
4734298
26086963
12218053
28514486
28257135
27636558
27900888
28115718
28378221
27752744
28028083
28192718
20024739
8159699
9241282
27357626
27887876
19178808
27580610
27859167
28279980
3198117
27547536
28157408
27242761
28259923
6884395
8304342
9050866
27411686
16092435
24614773
28361121
27528428
27719962
27659547
28266821
3192733
10192399
27239027
7920659
19996135
27721600
28548973
20513036
23666265
30462722
27744219
3278214
27514764
28228055
28165738
28272227
28316382
28110669
28247230
27651955
27626511
27834842
7920628
9288106
24632946
28460374
28344199
28527429
19184102
28259951
27371819
28515354
28434897
27480160
28158194
26479186
25589620
3014348
22859398
28266689
27405322
27241818
10949293
2933998
8845838
28238845
809711
27638250
27334471
27667643
28376832
28343654
28077289
28487334
27408381
1664218
3985451
15232106
9382023
6618488
27736955
28437457
10342929
9564988
2826064
28071018
28473360
27601292
27331407
28315039
16662020
10193204
27356972
28466814
27610042
28113841
28538491
27905097
3780846
27671177
28425861
28203067
27998493
18997632
7652577
27358636
27744641
8819482
10365197
20945766
27462099
27439518
10699184
8701950
28005254
27567226
9034419
6466532
19521535
10064899
28040133
28189379
28442243
27816023
11135381
27873364
27898362
12425024
27525173
28113347
28122243
16634859
15138013
27250793
18544179
28228227
27271969
28207495
1334370
27626498
3346017
27401811
28390121
28467858
14525983
27490448
27599751
27529135
17628343
27252474
27436292
28480570
28070679
27460657
28160457
9709714
8499920
9603950
2651669
28331254
27973939
28271652
27373648
28092112
28002493
28244917
28393351
869641
15817013
28442859
28303942
3183120
27773526
27679696
8770935
24004819
10962033
21789165
27427129
28265047
3798047
10735274
9546397
11078231
28520655
11749039
27847836
27575503
983936
28338529
27934165
8566952
28343423
19112896
28513923
28128937
27986797
28442480
16662313
3615541
28025369
27555752
27286174
1420741
28056087
8428750
28121532
27435854
1628620
10647011
23220172
28447586
28479344
9022669
9092545
9443866
28410205
28269712
15154460
7790363
27252099
27905033
27660194
25763772
28093575
2343592
27479943
10484772
12684739
2071157
1303173
18483878
28083494
9792917
27292643
18589141
27886014
27093923
28151486
28359307
28356035
9205462
8188241
28087491
28400033
28512644
27756325
28381379
9931324
28230977
27444636
27942489
27395442
27754271
1671851
10802668
27592178
10571943
28161910
28402261
28139371
28484250
2522601
28077286
10354657
18055146
17384765
8595686
24302341
27505348
27596135
3446585
27267962
28518143
2071257
27252817
27267054
28042600
28025023
28393819
28320736
22027689
9570197
16790330
10619843
27503926
11342225
8589715
12486105
8599504
9390208
12716030
27484091
27956638
18399341
9448273
28044140
14975762
7468724
10425038
12027893
27464853
12757899
5983622
7176945
8808730
12865514
23241883
28226026
27717972
27521980
11007475
25710042
27447421
2334618
27696667
27895988
28515617
28210819
28062520
27612907
27981492
27940380
27915270
27348576
27907099
28192066
27498399
28322352
11027696
28546318